1400.000000 
1400.014000 
1400.028000 
1400.042000 
1400.056000 
1400.070000 
1400.084000 
1400.098000 
1400.112000 
1400.126000 
1400.140000 
1400.154000 
1400.168000 
1400.182000 
1400.196000 
1400.210000 
1400.224000 
1400.238000 
1400.252000 
1400.266000 
1400.280000 
1400.294000 
1400.308000 
1400.322000 
1400.336000 
1400.350000 
1400.364000 
1400.378000 
1400.392000 
1400.406000 
1400.420000 
1400.434000 
1400.448000 
1400.462000 
1400.476000 
1400.490000 
1400.504000 
1400.518000 
1400.532000 
1400.546000 
1400.560000 
1400.574000 
1400.588000 
1400.602000 
1400.616000 
1400.630000 
1400.644000 
1400.658000 
1400.672000 
1400.686000 
1400.700000 
1400.714000 
1400.728000 
1400.742000 
1400.756000 
1400.770000 
1400.784000 
1400.798000 
1400.812000 
1400.826000 
1400.840000 
1400.854000 
1400.868000 
1400.882000 
1400.896000 
1400.910000 
1400.924000 
1400.938000 
1400.952000 
1400.966000 
1400.980000 
1400.994000 
1401.008000 
1401.022000 
1401.036000 
1401.050000 
1401.064000 
1401.078000 
1401.092000 
1401.106000 
1401.120000 
1401.134000 
1401.148000 
1401.162000 
1401.176000 
1401.190000 
1401.204000 
1401.218000 
1401.232000 
1401.246000 
1401.260000 
1401.274000 
1401.288000 
1401.302000 
1401.316000 
1401.330000 
1401.344000 
1401.358000 
1401.372000 
1401.386000 
1401.400000 
1401.414000 
1401.428000 
1401.442000 
1401.456000 
1401.470000 
1401.484000 
1401.498000 
1401.512000 
1401.526000 
1401.540000 
1401.554000 
1401.568000 
1401.582000 
1401.596000 
1401.610000 
1401.624000 
1401.638000 
1401.652000 
1401.666000 
1401.680000 
1401.694000 
1401.708000 
1401.722000 
1401.736000 
1401.750000 
1401.764000 
1401.778000 
1401.792000 
1401.806000 
1401.820000 
1401.834000 
1401.848000 
1401.862000 
1401.876000 
1401.890000 
1401.904000 
1401.918000 
1401.932000 
1401.946000 
1401.960000 
1401.974000 
1401.988000 
1402.002000 
1402.016000 
1402.030000 
1402.044000 
1402.058000 
1402.072000 
1402.086000 
1402.100000 
1402.114000 
1402.128000 
1402.142000 
1402.156000 
1402.170000 
1402.184000 
1402.198000 
1402.212000 
1402.226000 
1402.240000 
1402.254000 
1402.268000 
1402.282000 
1402.296000 
1402.310000 
1402.324000 
1402.338000 
1402.352000 
1402.366000 
1402.380000 
1402.394000 
1402.408000 
1402.422000 
1402.436000 
1402.450000 
1402.464000 
1402.478000 
1402.492000 
1402.506000 
1402.520000 
1402.534000 
1402.548000 
1402.562000 
1402.576000 
1402.590000 
1402.604000 
1402.618000 
1402.632000 
1402.646000 
1402.660000 
1402.674000 
1402.688000 
1402.702000 
1402.716000 
1402.730000 
1402.744000 
1402.758000 
1402.772000 
1402.786000 
1402.800000 
1402.814000 
1402.828000 
1402.842000 
1402.856000 
1402.870000 
1402.884000 
1402.898000 
1402.912000 
1402.926000 
1402.940000 
1402.954000 
1402.968000 
1402.982000 
1402.996000 
1403.010000 
1403.024000 
1403.038000 
1403.052000 
1403.066000 
1403.080000 
1403.094000 
1403.108000 
1403.122000 
1403.136000 
1403.150000 
1403.164000 
1403.178000 
1403.192000 
1403.206000 
1403.220000 
1403.234000 
1403.248000 
1403.262000 
1403.276000 
1403.290000 
1403.304000 
1403.318000 
1403.332000 
1403.346000 
1403.360000 
1403.374000 
1403.388000 
1403.402000 
1403.416000 
1403.430000 
1403.444000 
1403.458000 
1403.472000 
1403.486000 
1403.500000 
1403.514000 
1403.528000 
1403.542000 
1403.556000 
1403.570000 
1403.584000 
1403.598000 
1403.612000 
1403.626000 
1403.640000 
1403.654000 
1403.668000 
1403.682000 
1403.696000 
1403.710000 
1403.724000 
1403.738000 
1403.752000 
1403.766000 
1403.780000 
1403.794000 
1403.808000 
1403.822000 
1403.836000 
1403.850000 
1403.864000 
1403.878000 
1403.892000 
1403.906000 
1403.920000 
1403.934000 
1403.948000 
1403.962000 
1403.976000 
1403.990000 
1404.004000 
1404.018000 
1404.032000 
1404.046000 
1404.060000 
1404.074000 
1404.088000 
1404.102000 
1404.116000 
1404.130000 
1404.144000 
1404.158000 
1404.172000 
1404.186000 
1404.200000 
1404.214000 
1404.228000 
1404.242000 
1404.256000 
1404.270000 
1404.284000 
1404.298000 
1404.312000 
1404.326000 
1404.340000 
1404.354000 
1404.368000 
1404.382000 
1404.396000 
1404.410000 
1404.424000 
1404.438000 
1404.452000 
1404.466000 
1404.480000 
1404.494000 
1404.508000 
1404.522000 
1404.536000 
1404.550000 
1404.564000 
1404.578000 
1404.592000 
1404.606000 
1404.620000 
1404.634000 
1404.648000 
1404.662000 
1404.676000 
1404.690000 
1404.704000 
1404.718000 
1404.732000 
1404.746000 
1404.760000 
1404.774000 
1404.788000 
1404.802000 
1404.816000 
1404.830000 
1404.844000 
1404.858000 
1404.872000 
1404.886000 
1404.900000 
1404.914000 
1404.928000 
1404.942000 
1404.956000 
1404.970000 
1404.984000 
1404.998000 
1405.012000 
1405.026000 
1405.040000 
1405.054000 
1405.068000 
1405.082000 
1405.096000 
1405.110000 
1405.124000 
1405.138000 
1405.152000 
1405.166000 
1405.180000 
1405.194000 
1405.208000 
1405.222000 
1405.236000 
1405.250000 
1405.264000 
1405.278000 
1405.292000 
1405.306000 
1405.320000 
1405.334000 
1405.348000 
1405.362000 
1405.376000 
1405.390000 
1405.404000 
1405.418000 
1405.432000 
1405.446000 
1405.460000 
1405.474000 
1405.488000 
1405.502000 
1405.516000 
1405.530000 
1405.544000 
1405.558000 
1405.572000 
1405.586000 
1405.600000 
1405.614000 
1405.628000 
1405.642000 
1405.656000 
1405.670000 
1405.684000 
1405.698000 
1405.712000 
1405.726000 
1405.740000 
1405.754000 
1405.768000 
1405.782000 
1405.796000 
1405.810000 
1405.824000 
1405.838000 
1405.852000 
1405.866000 
1405.880000 
1405.894000 
1405.908000 
1405.922000 
1405.936000 
1405.950000 
1405.964000 
1405.978000 
1405.992000 
1406.006000 
1406.020000 
1406.034000 
1406.048000 
1406.062000 
1406.076000 
1406.090000 
1406.104000 
1406.118000 
1406.132000 
1406.146000 
1406.160000 
1406.174000 
1406.188000 
1406.202000 
1406.216000 
1406.230000 
1406.244000 
1406.258000 
1406.272000 
1406.286000 
1406.300000 
1406.314000 
1406.328000 
1406.342000 
1406.356000 
1406.370000 
1406.384000 
1406.398000 
1406.412000 
1406.426000 
1406.440000 
1406.454000 
1406.468000 
1406.482000 
1406.496000 
1406.510000 
1406.524000 
1406.538000 
1406.552000 
1406.566000 
1406.580000 
1406.594000 
1406.608000 
1406.622000 
1406.636000 
1406.650000 
1406.664000 
1406.678000 
1406.692000 
1406.706000 
1406.720000 
1406.734000 
1406.748000 
1406.762000 
1406.776000 
1406.790000 
1406.804000 
1406.818000 
1406.832000 
1406.846000 
1406.860000 
1406.874000 
1406.888000 
1406.902000 
1406.916000 
1406.930000 
1406.944000 
1406.958000 
1406.972000 
1406.986000 
1407.000000 
1407.014000 
1407.028000 
1407.042000 
1407.056000 
1407.070000 
1407.084000 
1407.098000 
1407.112000 
1407.126000 
1407.140000 
1407.154000 
1407.168000 
1407.182000 
1407.196000 
1407.210000 
1407.224000 
1407.238000 
1407.252000 
1407.266000 
1407.280000 
1407.294000 
1407.308000 
1407.322000 
1407.336000 
1407.350000 
1407.364000 
1407.378000 
1407.392000 
1407.406000 
1407.420000 
1407.434000 
1407.448000 
1407.462000 
1407.476000 
1407.490000 
1407.504000 
1407.518000 
1407.532000 
1407.546000 
1407.560000 
1407.574000 
1407.588000 
1407.602000 
1407.616000 
1407.630000 
1407.644000 
1407.658000 
1407.672000 
1407.686000 
1407.700000 
1407.714000 
1407.728000 
1407.742000 
1407.756000 
1407.770000 
1407.784000 
1407.798000 
1407.812000 
1407.826000 
1407.840000 
1407.854000 
1407.868000 
1407.882000 
1407.896000 
1407.910000 
1407.924000 
1407.938000 
1407.952000 
1407.966000 
1407.980000 
1407.994000 
1408.008000 
1408.022000 
1408.036000 
1408.050000 
1408.064000 
1408.078000 
1408.092000 
1408.106000 
1408.120000 
1408.134000 
1408.148000 
1408.162000 
1408.176000 
1408.190000 
1408.204000 
1408.218000 
1408.232000 
1408.246000 
1408.260000 
1408.274000 
1408.288000 
1408.302000 
1408.316000 
1408.330000 
1408.344000 
1408.358000 
1408.372000 
1408.386000 
1408.400000 
1408.414000 
1408.428000 
1408.442000 
1408.456000 
1408.470000 
1408.484000 
1408.498000 
1408.512000 
1408.526000 
1408.540000 
1408.554000 
1408.568000 
1408.582000 
1408.596000 
1408.610000 
1408.624000 
1408.638000 
1408.652000 
1408.666000 
1408.680000 
1408.694000 
1408.708000 
1408.722000 
1408.736000 
1408.750000 
1408.764000 
1408.778000 
1408.792000 
1408.806000 
1408.820000 
1408.834000 
1408.848000 
1408.862000 
1408.876000 
1408.890000 
1408.904000 
1408.918000 
1408.932000 
1408.946000 
1408.960000 
1408.974000 
1408.988000 
1409.002000 
1409.016000 
1409.030000 
1409.044000 
1409.058000 
1409.072000 
1409.086000 
1409.100000 
1409.114000 
1409.128000 
1409.142000 
1409.156000 
1409.170000 
1409.184000 
1409.198000 
1409.212000 
1409.226000 
1409.240000 
1409.254000 
1409.268000 
1409.282000 
1409.296000 
1409.310000 
1409.324000 
1409.338000 
1409.352000 
1409.366000 
1409.380000 
1409.394000 
1409.408000 
1409.422000 
1409.436000 
1409.450000 
1409.464000 
1409.478000 
1409.492000 
1409.506000 
1409.520000 
1409.534000 
1409.548000 
1409.562000 
1409.576000 
1409.590000 
1409.604000 
1409.618000 
1409.632000 
1409.646000 
1409.660000 
1409.674000 
1409.688000 
1409.702000 
1409.716000 
1409.730000 
1409.744000 
1409.758000 
1409.772000 
1409.786000 
1409.800000 
1409.814000 
1409.828000 
1409.842000 
1409.856000 
1409.870000 
1409.884000 
1409.898000 
1409.912000 
1409.926000 
1409.940000 
1409.954000 
1409.968000 
1409.982000 
1409.996000 
1410.010000 
1410.024000 
1410.038000 
1410.052000 
1410.066000 
1410.080000 
1410.094000 
1410.108000 
1410.122000 
1410.136000 
1410.150000 
1410.164000 
1410.178000 
1410.192000 
1410.206000 
1410.220000 
1410.234000 
1410.248000 
1410.262000 
1410.276000 
1410.290000 
1410.304000 
1410.318000 
1410.332000 
1410.346000 
1410.360000 
1410.374000 
1410.388000 
1410.402000 
1410.416000 
1410.430000 
1410.444000 
1410.458000 
1410.472000 
1410.486000 
1410.500000 
1410.514000 
1410.528000 
1410.542000 
1410.556000 
1410.570000 
1410.584000 
1410.598000 
1410.612000 
1410.626000 
1410.640000 
1410.654000 
1410.668000 
1410.682000 
1410.696000 
1410.710000 
1410.724000 
1410.738000 
1410.752000 
1410.766000 
1410.780000 
1410.794000 
1410.808000 
1410.822000 
1410.836000 
1410.850000 
1410.864000 
1410.878000 
1410.892000 
1410.906000 
1410.920000 
1410.934000 
1410.948000 
1410.962000 
1410.976000 
1410.990000 
1411.004000 
1411.018000 
1411.032000 
1411.046000 
1411.060000 
1411.074000 
1411.088000 
1411.102000 
1411.116000 
1411.130000 
1411.144000 
1411.158000 
1411.172000 
1411.186000 
1411.200000 
1411.214000 
1411.228000 
1411.242000 
1411.256000 
1411.270000 
1411.284000 
1411.298000 
1411.312000 
1411.326000 
1411.340000 
1411.354000 
1411.368000 
1411.382000 
1411.396000 
1411.410000 
1411.424000 
1411.438000 
1411.452000 
1411.466000 
1411.480000 
1411.494000 
1411.508000 
1411.522000 
1411.536000 
1411.550000 
1411.564000 
1411.578000 
1411.592000 
1411.606000 
1411.620000 
1411.634000 
1411.648000 
1411.662000 
1411.676000 
1411.690000 
1411.704000 
1411.718000 
1411.732000 
1411.746000 
1411.760000 
1411.774000 
1411.788000 
1411.802000 
1411.816000 
1411.830000 
1411.844000 
1411.858000 
1411.872000 
1411.886000 
1411.900000 
1411.914000 
1411.928000 
1411.942000 
1411.956000 
1411.970000 
1411.984000 
1411.998000 
1412.012000 
1412.026000 
1412.040000 
1412.054000 
1412.068000 
1412.082000 
1412.096000 
1412.110000 
1412.124000 
1412.138000 
1412.152000 
1412.166000 
1412.180000 
1412.194000 
1412.208000 
1412.222000 
1412.236000 
1412.250000 
1412.264000 
1412.278000 
1412.292000 
1412.306000 
1412.320000 
1412.334000 
1412.348000 
1412.362000 
1412.376000 
1412.390000 
1412.404000 
1412.418000 
1412.432000 
1412.446000 
1412.460000 
1412.474000 
1412.488000 
1412.502000 
1412.516000 
1412.530000 
1412.544000 
1412.558000 
1412.572000 
1412.586000 
1412.600000 
1412.614000 
1412.628000 
1412.642000 
1412.656000 
1412.670000 
1412.684000 
1412.698000 
1412.712000 
1412.726000 
1412.740000 
1412.754000 
1412.768000 
1412.782000 
1412.796000 
1412.810000 
1412.824000 
1412.838000 
1412.852000 
1412.866000 
1412.880000 
1412.894000 
1412.908000 
1412.922000 
1412.936000 
1412.950000 
1412.964000 
1412.978000 
1412.992000 
1413.006000 
1413.020000 
1413.034000 
1413.048000 
1413.062000 
1413.076000 
1413.090000 
1413.104000 
1413.118000 
1413.132000 
1413.146000 
1413.160000 
1413.174000 
1413.188000 
1413.202000 
1413.216000 
1413.230000 
1413.244000 
1413.258000 
1413.272000 
1413.286000 
1413.300000 
1413.314000 
1413.328000 
1413.342000 
1413.356000 
1413.370000 
1413.384000 
1413.398000 
1413.412000 
1413.426000 
1413.440000 
1413.454000 
1413.468000 
1413.482000 
1413.496000 
1413.510000 
1413.524000 
1413.538000 
1413.552000 
1413.566000 
1413.580000 
1413.594000 
1413.608000 
1413.622000 
1413.636000 
1413.650000 
1413.664000 
1413.678000 
1413.692000 
1413.706000 
1413.720000 
1413.734000 
1413.748000 
1413.762000 
1413.776000 
1413.790000 
1413.804000 
1413.818000 
1413.832000 
1413.846000 
1413.860000 
1413.874000 
1413.888000 
1413.902000 
1413.916000 
1413.930000 
1413.944000 
1413.958000 
1413.972000 
1413.986000 
1414.000000 
1414.014000 
1414.028000 
1414.042000 
1414.056000 
1414.070000 
1414.084000 
1414.098000 
1414.112000 
1414.126000 
1414.140000 
1414.154000 
1414.168000 
1414.182000 
1414.196000 
1414.210000 
1414.224000 
1414.238000 
1414.252000 
1414.266000 
1414.280000 
1414.294000 
1414.308000 
1414.322000 
1414.336000 
1414.350000 
1414.364000 
1414.378000 
1414.392000 
1414.406000 
1414.420000 
1414.434000 
1414.448000 
1414.462000 
1414.476000 
1414.490000 
1414.504000 
1414.518000 
1414.532000 
1414.546000 
1414.560000 
1414.574000 
1414.588000 
1414.602000 
1414.616000 
1414.630000 
1414.644000 
1414.658000 
1414.672000 
1414.686000 
1414.700000 
1414.714000 
1414.728000 
1414.742000 
1414.756000 
1414.770000 
1414.784000 
1414.798000 
1414.812000 
1414.826000 
1414.840000 
1414.854000 
1414.868000 
1414.882000 
1414.896000 
1414.910000 
1414.924000 
1414.938000 
1414.952000 
1414.966000 
1414.980000 
1414.994000 
1415.008000 
1415.022000 
1415.036000 
1415.050000 
1415.064000 
1415.078000 
1415.092000 
1415.106000 
1415.120000 
1415.134000 
1415.148000 
1415.162000 
1415.176000 
1415.190000 
1415.204000 
1415.218000 
1415.232000 
1415.246000 
1415.260000 
1415.274000 
1415.288000 
1415.302000 
1415.316000 
1415.330000 
1415.344000 
1415.358000 
1415.372000 
1415.386000 
1415.400000 
1415.414000 
1415.428000 
1415.442000 
1415.456000 
1415.470000 
1415.484000 
1415.498000 
1415.512000 
1415.526000 
1415.540000 
1415.554000 
1415.568000 
1415.582000 
1415.596000 
1415.610000 
1415.624000 
1415.638000 
1415.652000 
1415.666000 
1415.680000 
1415.694000 
1415.708000 
1415.722000 
1415.736000 
1415.750000 
1415.764000 
1415.778000 
1415.792000 
1415.806000 
1415.820000 
1415.834000 
1415.848000 
1415.862000 
1415.876000 
1415.890000 
1415.904000 
1415.918000 
1415.932000 
1415.946000 
1415.960000 
1415.974000 
1415.988000 
1416.002000 
1416.016000 
1416.030000 
1416.044000 
1416.058000 
1416.072000 
1416.086000 
1416.100000 
1416.114000 
1416.128000 
1416.142000 
1416.156000 
1416.170000 
1416.184000 
1416.198000 
1416.212000 
1416.226000 
1416.240000 
1416.254000 
1416.268000 
1416.282000 
1416.296000 
1416.310000 
1416.324000 
1416.338000 
1416.352000 
1416.366000 
1416.380000 
1416.394000 
1416.408000 
1416.422000 
1416.436000 
1416.450000 
1416.464000 
1416.478000 
1416.492000 
1416.506000 
1416.520000 
1416.534000 
1416.548000 
1416.562000 
1416.576000 
1416.590000 
1416.604000 
1416.618000 
1416.632000 
1416.646000 
1416.660000 
1416.674000 
1416.688000 
1416.702000 
1416.716000 
1416.730000 
1416.744000 
1416.758000 
1416.772000 
1416.786000 
1416.800000 
1416.814000 
1416.828000 
1416.842000 
1416.856000 
1416.870000 
1416.884000 
1416.898000 
1416.912000 
1416.926000 
1416.940000 
1416.954000 
1416.968000 
1416.982000 
1416.996000 
1417.010000 
1417.024000 
1417.038000 
1417.052000 
1417.066000 
1417.080000 
1417.094000 
1417.108000 
1417.122000 
1417.136000 
1417.150000 
1417.164000 
1417.178000 
1417.192000 
1417.206000 
1417.220000 
1417.234000 
1417.248000 
1417.262000 
1417.276000 
1417.290000 
1417.304000 
1417.318000 
1417.332000 
1417.346000 
1417.360000 
1417.374000 
1417.388000 
1417.402000 
1417.416000 
1417.430000 
1417.444000 
1417.458000 
1417.472000 
1417.486000 
1417.500000 
1417.514000 
1417.528000 
1417.542000 
1417.556000 
1417.570000 
1417.584000 
1417.598000 
1417.612000 
1417.626000 
1417.640000 
1417.654000 
1417.668000 
1417.682000 
1417.696000 
1417.710000 
1417.724000 
1417.738000 
1417.752000 
1417.766000 
1417.780000 
1417.794000 
1417.808000 
1417.822000 
1417.836000 
1417.850000 
1417.864000 
1417.878000 
1417.892000 
1417.906000 
1417.920000 
1417.934000 
1417.948000 
1417.962000 
1417.976000 
1417.990000 
1418.004000 
1418.018000 
1418.032000 
1418.046000 
1418.060000 
1418.074000 
1418.088000 
1418.102000 
1418.116000 
1418.130000 
1418.144000 
1418.158000 
1418.172000 
1418.186000 
1418.200000 
1418.214000 
1418.228000 
1418.242000 
1418.256000 
1418.270000 
1418.284000 
1418.298000 
1418.312000 
1418.326000 
1418.340000 
1418.354000 
1418.368000 
1418.382000 
1418.396000 
1418.410000 
1418.424000 
1418.438000 
1418.452000 
1418.466000 
1418.480000 
1418.494000 
1418.508000 
1418.522000 
1418.536000 
1418.550000 
1418.564000 
1418.578000 
1418.592000 
1418.606000 
1418.620000 
1418.634000 
1418.648000 
1418.662000 
1418.676000 
1418.690000 
1418.704000 
1418.718000 
1418.732000 
1418.746000 
1418.760000 
1418.774000 
1418.788000 
1418.802000 
1418.816000 
1418.830000 
1418.844000 
1418.858000 
1418.872000 
1418.886000 
1418.900000 
1418.914000 
1418.928000 
1418.942000 
1418.956000 
1418.970000 
1418.984000 
1418.998000 
1419.012000 
1419.026000 
1419.040000 
1419.054000 
1419.068000 
1419.082000 
1419.096000 
1419.110000 
1419.124000 
1419.138000 
1419.152000 
1419.166000 
1419.180000 
1419.194000 
1419.208000 
1419.222000 
1419.236000 
1419.250000 
1419.264000 
1419.278000 
1419.292000 
1419.306000 
1419.320000 
1419.334000 
1419.348000 
1419.362000 
1419.376000 
1419.390000 
1419.404000 
1419.418000 
1419.432000 
1419.446000 
1419.460000 
1419.474000 
1419.488000 
1419.502000 
1419.516000 
1419.530000 
1419.544000 
1419.558000 
1419.572000 
1419.586000 
1419.600000 
1419.614000 
1419.628000 
1419.642000 
1419.656000 
1419.670000 
1419.684000 
1419.698000 
1419.712000 
1419.726000 
1419.740000 
1419.754000 
1419.768000 
1419.782000 
1419.796000 
1419.810000 
1419.824000 
1419.838000 
1419.852000 
1419.866000 
1419.880000 
1419.894000 
1419.908000 
1419.922000 
1419.936000 
1419.950000 
1419.964000 
1419.978000 
1419.992000 
1420.006000 
1420.020000 
1420.034000 
1420.048000 
1420.062000 
1420.076000 
1420.090000 
1420.104000 
1420.118000 
1420.132000 
1420.146000 
1420.160000 
1420.174000 
1420.188000 
1420.202000 
1420.216000 
1420.230000 
1420.244000 
1420.258000 
1420.272000 
1420.286000 
1420.300000 
1420.314000 
1420.328000 
1420.342000 
1420.356000 
1420.370000 
1420.384000 
1420.398000 
1420.412000 
1420.426000 
1420.440000 
1420.454000 
1420.468000 
1420.482000 
1420.496000 
1420.510000 
1420.524000 
1420.538000 
1420.552000 
1420.566000 
1420.580000 
1420.594000 
1420.608000 
1420.622000 
1420.636000 
1420.650000 
1420.664000 
1420.678000 
1420.692000 
1420.706000 
1420.720000 
1420.734000 
1420.748000 
1420.762000 
1420.776000 
1420.790000 
1420.804000 
1420.818000 
1420.832000 
1420.846000 
1420.860000 
1420.874000 
1420.888000 
1420.902000 
1420.916000 
1420.930000 
1420.944000 
1420.958000 
1420.972000 
1420.986000 
1421.000000 
1421.014000 
1421.028000 
1421.042000 
1421.056000 
1421.070000 
1421.084000 
1421.098000 
1421.112000 
1421.126000 
1421.140000 
1421.154000 
1421.168000 
1421.182000 
1421.196000 
1421.210000 
1421.224000 
1421.238000 
1421.252000 
1421.266000 
1421.280000 
1421.294000 
1421.308000 
1421.322000 
1421.336000 
1421.350000 
1421.364000 
1421.378000 
1421.392000 
1421.406000 
1421.420000 
1421.434000 
1421.448000 
1421.462000 
1421.476000 
1421.490000 
1421.504000 
1421.518000 
1421.532000 
1421.546000 
1421.560000 
1421.574000 
1421.588000 
1421.602000 
1421.616000 
1421.630000 
1421.644000 
1421.658000 
1421.672000 
1421.686000 
1421.700000 
1421.714000 
1421.728000 
1421.742000 
1421.756000 
1421.770000 
1421.784000 
1421.798000 
1421.812000 
1421.826000 
1421.840000 
1421.854000 
1421.868000 
1421.882000 
1421.896000 
1421.910000 
1421.924000 
1421.938000 
1421.952000 
1421.966000 
1421.980000 
1421.994000 
1422.008000 
1422.022000 
1422.036000 
1422.050000 
1422.064000 
1422.078000 
1422.092000 
1422.106000 
1422.120000 
1422.134000 
1422.148000 
1422.162000 
1422.176000 
1422.190000 
1422.204000 
1422.218000 
1422.232000 
1422.246000 
1422.260000 
1422.274000 
1422.288000 
1422.302000 
1422.316000 
1422.330000 
1422.344000 
1422.358000 
1422.372000 
1422.386000 
1422.400000 
1422.414000 
1422.428000 
1422.442000 
1422.456000 
1422.470000 
1422.484000 
1422.498000 
1422.512000 
1422.526000 
1422.540000 
1422.554000 
1422.568000 
1422.582000 
1422.596000 
1422.610000 
1422.624000 
1422.638000 
1422.652000 
1422.666000 
1422.680000 
1422.694000 
1422.708000 
1422.722000 
1422.736000 
1422.750000 
1422.764000 
1422.778000 
1422.792000 
1422.806000 
1422.820000 
1422.834000 
1422.848000 
1422.862000 
1422.876000 
1422.890000 
1422.904000 
1422.918000 
1422.932000 
1422.946000 
1422.960000 
1422.974000 
1422.988000 
1423.002000 
1423.016000 
1423.030000 
1423.044000 
1423.058000 
1423.072000 
1423.086000 
1423.100000 
1423.114000 
1423.128000 
1423.142000 
1423.156000 
1423.170000 
1423.184000 
1423.198000 
1423.212000 
1423.226000 
1423.240000 
1423.254000 
1423.268000 
1423.282000 
1423.296000 
1423.310000 
1423.324000 
1423.338000 
1423.352000 
1423.366000 
1423.380000 
1423.394000 
1423.408000 
1423.422000 
1423.436000 
1423.450000 
1423.464000 
1423.478000 
1423.492000 
1423.506000 
1423.520000 
1423.534000 
1423.548000 
1423.562000 
1423.576000 
1423.590000 
1423.604000 
1423.618000 
1423.632000 
1423.646000 
1423.660000 
1423.674000 
1423.688000 
1423.702000 
1423.716000 
1423.730000 
1423.744000 
1423.758000 
1423.772000 
1423.786000 
1423.800000 
1423.814000 
1423.828000 
1423.842000 
1423.856000 
1423.870000 
1423.884000 
1423.898000 
1423.912000 
1423.926000 
1423.940000 
1423.954000 
1423.968000 
1423.982000 
1423.996000 
1424.010000 
1424.024000 
1424.038000 
1424.052000 
1424.066000 
1424.080000 
1424.094000 
1424.108000 
1424.122000 
1424.136000 
1424.150000 
1424.164000 
1424.178000 
1424.192000 
1424.206000 
1424.220000 
1424.234000 
1424.248000 
1424.262000 
1424.276000 
1424.290000 
1424.304000 
1424.318000 
1424.332000 
1424.346000 
1424.360000 
1424.374000 
1424.388000 
1424.402000 
1424.416000 
1424.430000 
1424.444000 
1424.458000 
1424.472000 
1424.486000 
1424.500000 
1424.514000 
1424.528000 
1424.542000 
1424.556000 
1424.570000 
1424.584000 
1424.598000 
1424.612000 
1424.626000 
1424.640000 
1424.654000 
1424.668000 
1424.682000 
1424.696000 
1424.710000 
1424.724000 
1424.738000 
1424.752000 
1424.766000 
1424.780000 
1424.794000 
1424.808000 
1424.822000 
1424.836000 
1424.850000 
1424.864000 
1424.878000 
1424.892000 
1424.906000 
1424.920000 
1424.934000 
1424.948000 
1424.962000 
1424.976000 
1424.990000 
1425.004000 
1425.018000 
1425.032000 
1425.046000 
1425.060000 
1425.074000 
1425.088000 
1425.102000 
1425.116000 
1425.130000 
1425.144000 
1425.158000 
1425.172000 
1425.186000 
1425.200000 
1425.214000 
1425.228000 
1425.242000 
1425.256000 
1425.270000 
1425.284000 
1425.298000 
1425.312000 
1425.326000 
1425.340000 
1425.354000 
1425.368000 
1425.382000 
1425.396000 
1425.410000 
1425.424000 
1425.438000 
1425.452000 
1425.466000 
1425.480000 
1425.494000 
1425.508000 
1425.522000 
1425.536000 
1425.550000 
1425.564000 
1425.578000 
1425.592000 
1425.606000 
1425.620000 
1425.634000 
1425.648000 
1425.662000 
1425.676000 
1425.690000 
1425.704000 
1425.718000 
1425.732000 
1425.746000 
1425.760000 
1425.774000 
1425.788000 
1425.802000 
1425.816000 
1425.830000 
1425.844000 
1425.858000 
1425.872000 
1425.886000 
1425.900000 
1425.914000 
1425.928000 
1425.942000 
1425.956000 
1425.970000 
1425.984000 
1425.998000 
1426.012000 
1426.026000 
1426.040000 
1426.054000 
1426.068000 
1426.082000 
1426.096000 
1426.110000 
1426.124000 
1426.138000 
1426.152000 
1426.166000 
1426.180000 
1426.194000 
1426.208000 
1426.222000 
1426.236000 
1426.250000 
1426.264000 
1426.278000 
1426.292000 
1426.306000 
1426.320000 
1426.334000 
1426.348000 
1426.362000 
1426.376000 
1426.390000 
1426.404000 
1426.418000 
1426.432000 
1426.446000 
1426.460000 
1426.474000 
1426.488000 
1426.502000 
1426.516000 
1426.530000 
1426.544000 
1426.558000 
1426.572000 
1426.586000 
1426.600000 
1426.614000 
1426.628000 
1426.642000 
1426.656000 
1426.670000 
1426.684000 
1426.698000 
1426.712000 
1426.726000 
1426.740000 
1426.754000 
1426.768000 
1426.782000 
1426.796000 
1426.810000 
1426.824000 
1426.838000 
1426.852000 
1426.866000 
1426.880000 
1426.894000 
1426.908000 
1426.922000 
1426.936000 
1426.950000 
1426.964000 
1426.978000 
1426.992000 
1427.006000 
1427.020000 
1427.034000 
1427.048000 
1427.062000 
1427.076000 
1427.090000 
1427.104000 
1427.118000 
1427.132000 
1427.146000 
1427.160000 
1427.174000 
1427.188000 
1427.202000 
1427.216000 
1427.230000 
1427.244000 
1427.258000 
1427.272000 
1427.286000 
1427.300000 
1427.314000 
1427.328000 
1427.342000 
1427.356000 
1427.370000 
1427.384000 
1427.398000 
1427.412000 
1427.426000 
1427.440000 
1427.454000 
1427.468000 
1427.482000 
1427.496000 
1427.510000 
1427.524000 
1427.538000 
1427.552000 
1427.566000 
1427.580000 
1427.594000 
1427.608000 
1427.622000 
1427.636000 
1427.650000 
1427.664000 
1427.678000 
1427.692000 
1427.706000 
1427.720000 
1427.734000 
1427.748000 
1427.762000 
1427.776000 
1427.790000 
1427.804000 
1427.818000 
1427.832000 
1427.846000 
1427.860000 
1427.874000 
1427.888000 
1427.902000 
1427.916000 
1427.930000 
1427.944000 
1427.958000 
1427.972000 
1427.986000 
1428.000000 
1428.014000 
1428.028000 
1428.042000 
1428.056000 
1428.070000 
1428.084000 
1428.098000 
1428.112000 
1428.126000 
1428.140000 
1428.154000 
1428.168000 
1428.182000 
1428.196000 
1428.210000 
1428.224000 
1428.238000 
1428.252000 
1428.266000 
1428.280000 
1428.294000 
1428.308000 
1428.322000 
1428.336000 
1428.350000 
1428.364000 
1428.378000 
1428.392000 
1428.406000 
1428.420000 
1428.434000 
1428.448000 
1428.462000 
1428.476000 
1428.490000 
1428.504000 
1428.518000 
1428.532000 
1428.546000 
1428.560000 
1428.574000 
1428.588000 
1428.602000 
1428.616000 
1428.630000 
1428.644000 
1428.658000 
1428.672000 
1428.686000 
1428.700000 
1428.714000 
1428.728000 
1428.742000 
1428.756000 
1428.770000 
1428.784000 
1428.798000 
1428.812000 
1428.826000 
1428.840000 
1428.854000 
1428.868000 
1428.882000 
1428.896000 
1428.910000 
1428.924000 
1428.938000 
1428.952000 
1428.966000 
1428.980000 
1428.994000 
1429.008000 
1429.022000 
1429.036000 
1429.050000 
1429.064000 
1429.078000 
1429.092000 
1429.106000 
1429.120000 
1429.134000 
1429.148000 
1429.162000 
1429.176000 
1429.190000 
1429.204000 
1429.218000 
1429.232000 
1429.246000 
1429.260000 
1429.274000 
1429.288000 
1429.302000 
1429.316000 
1429.330000 
1429.344000 
1429.358000 
1429.372000 
1429.386000 
1429.400000 
1429.414000 
1429.428000 
1429.442000 
1429.456000 
1429.470000 
1429.484000 
1429.498000 
1429.512000 
1429.526000 
1429.540000 
1429.554000 
1429.568000 
1429.582000 
1429.596000 
1429.610000 
1429.624000 
1429.638000 
1429.652000 
1429.666000 
1429.680000 
1429.694000 
1429.708000 
1429.722000 
1429.736000 
1429.750000 
1429.764000 
1429.778000 
1429.792000 
1429.806000 
1429.820000 
1429.834000 
1429.848000 
1429.862000 
1429.876000 
1429.890000 
1429.904000 
1429.918000 
1429.932000 
1429.946000 
1429.960000 
1429.974000 
1429.988000 
1430.002000 
1430.016000 
1430.030000 
1430.044000 
1430.058000 
1430.072000 
1430.086000 
1430.100000 
1430.114000 
1430.128000 
1430.142000 
1430.156000 
1430.170000 
1430.184000 
1430.198000 
1430.212000 
1430.226000 
1430.240000 
1430.254000 
1430.268000 
1430.282000 
1430.296000 
1430.310000 
1430.324000 
1430.338000 
1430.352000 
1430.366000 
1430.380000 
1430.394000 
1430.408000 
1430.422000 
1430.436000 
1430.450000 
1430.464000 
1430.478000 
1430.492000 
1430.506000 
1430.520000 
1430.534000 
1430.548000 
1430.562000 
1430.576000 
1430.590000 
1430.604000 
1430.618000 
1430.632000 
1430.646000 
1430.660000 
1430.674000 
1430.688000 
1430.702000 
1430.716000 
1430.730000 
1430.744000 
1430.758000 
1430.772000 
1430.786000 
1430.800000 
1430.814000 
1430.828000 
1430.842000 
1430.856000 
1430.870000 
1430.884000 
1430.898000 
1430.912000 
1430.926000 
1430.940000 
1430.954000 
1430.968000 
1430.982000 
1430.996000 
1431.010000 
1431.024000 
1431.038000 
1431.052000 
1431.066000 
1431.080000 
1431.094000 
1431.108000 
1431.122000 
1431.136000 
1431.150000 
1431.164000 
1431.178000 
1431.192000 
1431.206000 
1431.220000 
1431.234000 
1431.248000 
1431.262000 
1431.276000 
1431.290000 
1431.304000 
1431.318000 
1431.332000 
1431.346000 
1431.360000 
1431.374000 
1431.388000 
1431.402000 
1431.416000 
1431.430000 
1431.444000 
1431.458000 
1431.472000 
1431.486000 
1431.500000 
1431.514000 
1431.528000 
1431.542000 
1431.556000 
1431.570000 
1431.584000 
1431.598000 
1431.612000 
1431.626000 
1431.640000 
1431.654000 
1431.668000 
1431.682000 
1431.696000 
1431.710000 
1431.724000 
1431.738000 
1431.752000 
1431.766000 
1431.780000 
1431.794000 
1431.808000 
1431.822000 
1431.836000 
1431.850000 
1431.864000 
1431.878000 
1431.892000 
1431.906000 
1431.920000 
1431.934000 
1431.948000 
1431.962000 
1431.976000 
1431.990000 
1432.004000 
1432.018000 
1432.032000 
1432.046000 
1432.060000 
1432.074000 
1432.088000 
1432.102000 
1432.116000 
1432.130000 
1432.144000 
1432.158000 
1432.172000 
1432.186000 
1432.200000 
1432.214000 
1432.228000 
1432.242000 
1432.256000 
1432.270000 
1432.284000 
1432.298000 
1432.312000 
1432.326000 
1432.340000 
1432.354000 
1432.368000 
1432.382000 
1432.396000 
1432.410000 
1432.424000 
1432.438000 
1432.452000 
1432.466000 
1432.480000 
1432.494000 
1432.508000 
1432.522000 
1432.536000 
1432.550000 
1432.564000 
1432.578000 
1432.592000 
1432.606000 
1432.620000 
1432.634000 
1432.648000 
1432.662000 
1432.676000 
1432.690000 
1432.704000 
1432.718000 
1432.732000 
1432.746000 
1432.760000 
1432.774000 
1432.788000 
1432.802000 
1432.816000 
1432.830000 
1432.844000 
1432.858000 
1432.872000 
1432.886000 
1432.900000 
1432.914000 
1432.928000 
1432.942000 
1432.956000 
1432.970000 
1432.984000 
1432.998000 
1433.012000 
1433.026000 
1433.040000 
1433.054000 
1433.068000 
1433.082000 
1433.096000 
1433.110000 
1433.124000 
1433.138000 
1433.152000 
1433.166000 
1433.180000 
1433.194000 
1433.208000 
1433.222000 
1433.236000 
1433.250000 
1433.264000 
1433.278000 
1433.292000 
1433.306000 
1433.320000 
1433.334000 
1433.348000 
1433.362000 
1433.376000 
1433.390000 
1433.404000 
1433.418000 
1433.432000 
1433.446000 
1433.460000 
1433.474000 
1433.488000 
1433.502000 
1433.516000 
1433.530000 
1433.544000 
1433.558000 
1433.572000 
1433.586000 
1433.600000 
1433.614000 
1433.628000 
1433.642000 
1433.656000 
1433.670000 
1433.684000 
1433.698000 
1433.712000 
1433.726000 
1433.740000 
1433.754000 
1433.768000 
1433.782000 
1433.796000 
1433.810000 
1433.824000 
1433.838000 
1433.852000 
1433.866000 
1433.880000 
1433.894000 
1433.908000 
1433.922000 
1433.936000 
1433.950000 
1433.964000 
1433.978000 
1433.992000 
1434.006000 
1434.020000 
1434.034000 
1434.048000 
1434.062000 
1434.076000 
1434.090000 
1434.104000 
1434.118000 
1434.132000 
1434.146000 
1434.160000 
1434.174000 
1434.188000 
1434.202000 
1434.216000 
1434.230000 
1434.244000 
1434.258000 
1434.272000 
1434.286000 
1434.300000 
1434.314000 
1434.328000 
1434.342000 
1434.356000 
1434.370000 
1434.384000 
1434.398000 
1434.412000 
1434.426000 
1434.440000 
1434.454000 
1434.468000 
1434.482000 
1434.496000 
1434.510000 
1434.524000 
1434.538000 
1434.552000 
1434.566000 
1434.580000 
1434.594000 
1434.608000 
1434.622000 
1434.636000 
1434.650000 
1434.664000 
1434.678000 
1434.692000 
1434.706000 
1434.720000 
1434.734000 
1434.748000 
1434.762000 
1434.776000 
1434.790000 
1434.804000 
1434.818000 
1434.832000 
1434.846000 
1434.860000 
1434.874000 
1434.888000 
1434.902000 
1434.916000 
1434.930000 
1434.944000 
1434.958000 
1434.972000 
1434.986000 
1435.000000 
1435.014000 
1435.028000 
1435.042000 
1435.056000 
1435.070000 
1435.084000 
1435.098000 
1435.112000 
1435.126000 
1435.140000 
1435.154000 
1435.168000 
1435.182000 
1435.196000 
1435.210000 
1435.224000 
1435.238000 
1435.252000 
1435.266000 
1435.280000 
1435.294000 
1435.308000 
1435.322000 
1435.336000 
1435.350000 
1435.364000 
1435.378000 
1435.392000 
1435.406000 
1435.420000 
1435.434000 
1435.448000 
1435.462000 
1435.476000 
1435.490000 
1435.504000 
1435.518000 
1435.532000 
1435.546000 
1435.560000 
1435.574000 
1435.588000 
1435.602000 
1435.616000 
1435.630000 
1435.644000 
1435.658000 
1435.672000 
1435.686000 
1435.700000 
1435.714000 
1435.728000 
1435.742000 
1435.756000 
1435.770000 
1435.784000 
1435.798000 
1435.812000 
1435.826000 
1435.840000 
1435.854000 
1435.868000 
1435.882000 
1435.896000 
1435.910000 
1435.924000 
1435.938000 
1435.952000 
1435.966000 
1435.980000 
1435.994000 
1436.008000 
1436.022000 
1436.036000 
1436.050000 
1436.064000 
1436.078000 
1436.092000 
1436.106000 
1436.120000 
1436.134000 
1436.148000 
1436.162000 
1436.176000 
1436.190000 
1436.204000 
1436.218000 
1436.232000 
1436.246000 
1436.260000 
1436.274000 
1436.288000 
1436.302000 
1436.316000 
1436.330000 
1436.344000 
1436.358000 
1436.372000 
1436.386000 
1436.400000 
1436.414000 
1436.428000 
1436.442000 
1436.456000 
1436.470000 
1436.484000 
1436.498000 
1436.512000 
1436.526000 
1436.540000 
1436.554000 
1436.568000 
1436.582000 
1436.596000 
1436.610000 
1436.624000 
1436.638000 
1436.652000 
1436.666000 
1436.680000 
1436.694000 
1436.708000 
1436.722000 
1436.736000 
1436.750000 
1436.764000 
1436.778000 
1436.792000 
1436.806000 
1436.820000 
1436.834000 
1436.848000 
1436.862000 
1436.876000 
1436.890000 
1436.904000 
1436.918000 
1436.932000 
1436.946000 
1436.960000 
1436.974000 
1436.988000 
1437.002000 
1437.016000 
1437.030000 
1437.044000 
1437.058000 
1437.072000 
1437.086000 
1437.100000 
1437.114000 
1437.128000 
1437.142000 
1437.156000 
1437.170000 
1437.184000 
1437.198000 
1437.212000 
1437.226000 
1437.240000 
1437.254000 
1437.268000 
1437.282000 
1437.296000 
1437.310000 
1437.324000 
1437.338000 
1437.352000 
1437.366000 
1437.380000 
1437.394000 
1437.408000 
1437.422000 
1437.436000 
1437.450000 
1437.464000 
1437.478000 
1437.492000 
1437.506000 
1437.520000 
1437.534000 
1437.548000 
1437.562000 
1437.576000 
1437.590000 
1437.604000 
1437.618000 
1437.632000 
1437.646000 
1437.660000 
1437.674000 
1437.688000 
1437.702000 
1437.716000 
1437.730000 
1437.744000 
1437.758000 
1437.772000 
1437.786000 
1437.800000 
1437.814000 
1437.828000 
1437.842000 
1437.856000 
1437.870000 
1437.884000 
1437.898000 
1437.912000 
1437.926000 
1437.940000 
1437.954000 
1437.968000 
1437.982000 
1437.996000 
1438.010000 
1438.024000 
1438.038000 
1438.052000 
1438.066000 
1438.080000 
1438.094000 
1438.108000 
1438.122000 
1438.136000 
1438.150000 
1438.164000 
1438.178000 
1438.192000 
1438.206000 
1438.220000 
1438.234000 
1438.248000 
1438.262000 
1438.276000 
1438.290000 
1438.304000 
1438.318000 
1438.332000 
1438.346000 
1438.360000 
1438.374000 
1438.388000 
1438.402000 
1438.416000 
1438.430000 
1438.444000 
1438.458000 
1438.472000 
1438.486000 
1438.500000 
1438.514000 
1438.528000 
1438.542000 
1438.556000 
1438.570000 
1438.584000 
1438.598000 
1438.612000 
1438.626000 
1438.640000 
1438.654000 
1438.668000 
1438.682000 
1438.696000 
1438.710000 
1438.724000 
1438.738000 
1438.752000 
1438.766000 
1438.780000 
1438.794000 
1438.808000 
1438.822000 
1438.836000 
1438.850000 
1438.864000 
1438.878000 
1438.892000 
1438.906000 
1438.920000 
1438.934000 
1438.948000 
1438.962000 
1438.976000 
1438.990000 
1439.004000 
1439.018000 
1439.032000 
1439.046000 
1439.060000 
1439.074000 
1439.088000 
1439.102000 
1439.116000 
1439.130000 
1439.144000 
1439.158000 
1439.172000 
1439.186000 
1439.200000 
1439.214000 
1439.228000 
1439.242000 
1439.256000 
1439.270000 
1439.284000 
1439.298000 
1439.312000 
1439.326000 
1439.340000 
1439.354000 
1439.368000 
1439.382000 
1439.396000 
1439.410000 
1439.424000 
1439.438000 
1439.452000 
1439.466000 
1439.480000 
1439.494000 
1439.508000 
1439.522000 
1439.536000 
1439.550000 
1439.564000 
1439.578000 
1439.592000 
1439.606000 
1439.620000 
1439.634000 
1439.648000 
1439.662000 
1439.676000 
1439.690000 
1439.704000 
1439.718000 
1439.732000 
1439.746000 
1439.760000 
1439.774000 
1439.788000 
1439.802000 
1439.816000 
1439.830000 
1439.844000 
1439.858000 
1439.872000 
1439.886000 
1439.900000 
1439.914000 
1439.928000 
1439.942000 
1439.956000 
1439.970000 
1439.984000 
1439.998000 
1440.012000 
1440.026000 
1440.040000 
1440.054000 
1440.068000 
1440.082000 
1440.096000 
1440.110000 
1440.124000 
1440.138000 
1440.152000 
1440.166000 
1440.180000 
1440.194000 
1440.208000 
1440.222000 
1440.236000 
1440.250000 
1440.264000 
1440.278000 
1440.292000 
1440.306000 
1440.320000 
1440.334000 
1440.348000 
1440.362000 
1440.376000 
1440.390000 
1440.404000 
1440.418000 
1440.432000 
1440.446000 
1440.460000 
1440.474000 
1440.488000 
1440.502000 
1440.516000 
1440.530000 
1440.544000 
1440.558000 
1440.572000 
1440.586000 
1440.600000 
1440.614000 
1440.628000 
1440.642000 
1440.656000 
1440.670000 
1440.684000 
1440.698000 
1440.712000 
1440.726000 
1440.740000 
1440.754000 
1440.768000 
1440.782000 
1440.796000 
1440.810000 
1440.824000 
1440.838000 
1440.852000 
1440.866000 
1440.880000 
1440.894000 
1440.908000 
1440.922000 
1440.936000 
1440.950000 
1440.964000 
1440.978000 
1440.992000 
1441.006000 
1441.020000 
1441.034000 
1441.048000 
1441.062000 
1441.076000 
1441.090000 
1441.104000 
1441.118000 
1441.132000 
1441.146000 
1441.160000 
1441.174000 
1441.188000 
1441.202000 
1441.216000 
1441.230000 
1441.244000 
1441.258000 
1441.272000 
1441.286000 
1441.300000 
1441.314000 
1441.328000 
1441.342000 
1441.356000 
1441.370000 
1441.384000 
1441.398000 
1441.412000 
1441.426000 
1441.440000 
1441.454000 
1441.468000 
1441.482000 
1441.496000 
1441.510000 
1441.524000 
1441.538000 
1441.552000 
1441.566000 
1441.580000 
1441.594000 
1441.608000 
1441.622000 
1441.636000 
1441.650000 
1441.664000 
1441.678000 
1441.692000 
1441.706000 
1441.720000 
1441.734000 
1441.748000 
1441.762000 
1441.776000 
1441.790000 
1441.804000 
1441.818000 
1441.832000 
1441.846000 
1441.860000 
1441.874000 
1441.888000 
1441.902000 
1441.916000 
1441.930000 
1441.944000 
1441.958000 
1441.972000 
1441.986000 
1442.000000 
1442.014000 
1442.028000 
1442.042000 
1442.056000 
1442.070000 
1442.084000 
1442.098000 
1442.112000 
1442.126000 
1442.140000 
1442.154000 
1442.168000 
1442.182000 
1442.196000 
1442.210000 
1442.224000 
1442.238000 
1442.252000 
1442.266000 
1442.280000 
1442.294000 
1442.308000 
1442.322000 
1442.336000 
1442.350000 
1442.364000 
1442.378000 
1442.392000 
1442.406000 
1442.420000 
1442.434000 
1442.448000 
1442.462000 
1442.476000 
1442.490000 
1442.504000 
1442.518000 
1442.532000 
1442.546000 
1442.560000 
1442.574000 
1442.588000 
1442.602000 
1442.616000 
1442.630000 
1442.644000 
1442.658000 
1442.672000 
1442.686000 
1442.700000 
1442.714000 
1442.728000 
1442.742000 
1442.756000 
1442.770000 
1442.784000 
1442.798000 
1442.812000 
1442.826000 
1442.840000 
1442.854000 
1442.868000 
1442.882000 
1442.896000 
1442.910000 
1442.924000 
1442.938000 
1442.952000 
1442.966000 
1442.980000 
1442.994000 
1443.008000 
1443.022000 
1443.036000 
1443.050000 
1443.064000 
1443.078000 
1443.092000 
1443.106000 
1443.120000 
1443.134000 
1443.148000 
1443.162000 
1443.176000 
1443.190000 
1443.204000 
1443.218000 
1443.232000 
1443.246000 
1443.260000 
1443.274000 
1443.288000 
1443.302000 
1443.316000 
1443.330000 
1443.344000 
1443.358000 
1443.372000 
1443.386000 
1443.400000 
1443.414000 
1443.428000 
1443.442000 
1443.456000 
1443.470000 
1443.484000 
1443.498000 
1443.512000 
1443.526000 
1443.540000 
1443.554000 
1443.568000 
1443.582000 
1443.596000 
1443.610000 
1443.624000 
1443.638000 
1443.652000 
1443.666000 
1443.680000 
1443.694000 
1443.708000 
1443.722000 
1443.736000 
1443.750000 
1443.764000 
1443.778000 
1443.792000 
1443.806000 
1443.820000 
1443.834000 
1443.848000 
1443.862000 
1443.876000 
1443.890000 
1443.904000 
1443.918000 
1443.932000 
1443.946000 
1443.960000 
1443.974000 
1443.988000 
1444.002000 
1444.016000 
1444.030000 
1444.044000 
1444.058000 
1444.072000 
1444.086000 
1444.100000 
1444.114000 
1444.128000 
1444.142000 
1444.156000 
1444.170000 
1444.184000 
1444.198000 
1444.212000 
1444.226000 
1444.240000 
1444.254000 
1444.268000 
1444.282000 
1444.296000 
1444.310000 
1444.324000 
1444.338000 
1444.352000 
1444.366000 
1444.380000 
1444.394000 
1444.408000 
1444.422000 
1444.436000 
1444.450000 
1444.464000 
1444.478000 
1444.492000 
1444.506000 
1444.520000 
1444.534000 
1444.548000 
1444.562000 
1444.576000 
1444.590000 
1444.604000 
1444.618000 
1444.632000 
1444.646000 
1444.660000 
1444.674000 
1444.688000 
1444.702000 
1444.716000 
1444.730000 
1444.744000 
1444.758000 
1444.772000 
1444.786000 
1444.800000 
1444.814000 
1444.828000 
1444.842000 
1444.856000 
1444.870000 
1444.884000 
1444.898000 
1444.912000 
1444.926000 
1444.940000 
1444.954000 
1444.968000 
1444.982000 
1444.996000 
1445.010000 
1445.024000 
1445.038000 
1445.052000 
1445.066000 
1445.080000 
1445.094000 
1445.108000 
1445.122000 
1445.136000 
1445.150000 
1445.164000 
1445.178000 
1445.192000 
1445.206000 
1445.220000 
1445.234000 
1445.248000 
1445.262000 
1445.276000 
1445.290000 
1445.304000 
1445.318000 
1445.332000 
1445.346000 
1445.360000 
1445.374000 
1445.388000 
1445.402000 
1445.416000 
1445.430000 
1445.444000 
1445.458000 
1445.472000 
1445.486000 
1445.500000 
1445.514000 
1445.528000 
1445.542000 
1445.556000 
1445.570000 
1445.584000 
1445.598000 
1445.612000 
1445.626000 
1445.640000 
1445.654000 
1445.668000 
1445.682000 
1445.696000 
1445.710000 
1445.724000 
1445.738000 
1445.752000 
1445.766000 
1445.780000 
1445.794000 
1445.808000 
1445.822000 
1445.836000 
1445.850000 
1445.864000 
1445.878000 
1445.892000 
1445.906000 
1445.920000 
1445.934000 
1445.948000 
1445.962000 
1445.976000 
1445.990000 
1446.004000 
1446.018000 
1446.032000 
1446.046000 
1446.060000 
1446.074000 
1446.088000 
1446.102000 
1446.116000 
1446.130000 
1446.144000 
1446.158000 
1446.172000 
1446.186000 
1446.200000 
1446.214000 
1446.228000 
1446.242000 
1446.256000 
1446.270000 
1446.284000 
1446.298000 
1446.312000 
1446.326000 
1446.340000 
1446.354000 
1446.368000 
1446.382000 
1446.396000 
1446.410000 
1446.424000 
1446.438000 
1446.452000 
1446.466000 
1446.480000 
1446.494000 
1446.508000 
1446.522000 
1446.536000 
1446.550000 
1446.564000 
1446.578000 
1446.592000 
1446.606000 
1446.620000 
1446.634000 
1446.648000 
1446.662000 
1446.676000 
1446.690000 
1446.704000 
1446.718000 
1446.732000 
1446.746000 
1446.760000 
1446.774000 
1446.788000 
1446.802000 
1446.816000 
1446.830000 
1446.844000 
1446.858000 
1446.872000 
1446.886000 
1446.900000 
1446.914000 
1446.928000 
1446.942000 
1446.956000 
1446.970000 
1446.984000 
1446.998000 
1447.012000 
1447.026000 
1447.040000 
1447.054000 
1447.068000 
1447.082000 
1447.096000 
1447.110000 
1447.124000 
1447.138000 
1447.152000 
1447.166000 
1447.180000 
1447.194000 
1447.208000 
1447.222000 
1447.236000 
1447.250000 
1447.264000 
1447.278000 
1447.292000 
1447.306000 
1447.320000 
1447.334000 
1447.348000 
1447.362000 
1447.376000 
1447.390000 
1447.404000 
1447.418000 
1447.432000 
1447.446000 
1447.460000 
1447.474000 
1447.488000 
1447.502000 
1447.516000 
1447.530000 
1447.544000 
1447.558000 
1447.572000 
1447.586000 
1447.600000 
1447.614000 
1447.628000 
1447.642000 
1447.656000 
1447.670000 
1447.684000 
1447.698000 
1447.712000 
1447.726000 
1447.740000 
1447.754000 
1447.768000 
1447.782000 
1447.796000 
1447.810000 
1447.824000 
1447.838000 
1447.852000 
1447.866000 
1447.880000 
1447.894000 
1447.908000 
1447.922000 
1447.936000 
1447.950000 
1447.964000 
1447.978000 
1447.992000 
1448.006000 
1448.020000 
1448.034000 
1448.048000 
1448.062000 
1448.076000 
1448.090000 
1448.104000 
1448.118000 
1448.132000 
1448.146000 
1448.160000 
1448.174000 
1448.188000 
1448.202000 
1448.216000 
1448.230000 
1448.244000 
1448.258000 
1448.272000 
1448.286000 
1448.300000 
1448.314000 
1448.328000 
1448.342000 
1448.356000 
1448.370000 
1448.384000 
1448.398000 
1448.412000 
1448.426000 
1448.440000 
1448.454000 
1448.468000 
1448.482000 
1448.496000 
1448.510000 
1448.524000 
1448.538000 
1448.552000 
1448.566000 
1448.580000 
1448.594000 
1448.608000 
1448.622000 
1448.636000 
1448.650000 
1448.664000 
1448.678000 
1448.692000 
1448.706000 
1448.720000 
1448.734000 
1448.748000 
1448.762000 
1448.776000 
1448.790000 
1448.804000 
1448.818000 
1448.832000 
1448.846000 
1448.860000 
1448.874000 
1448.888000 
1448.902000 
1448.916000 
1448.930000 
1448.944000 
1448.958000 
1448.972000 
1448.986000 
1449.000000 
1449.014000 
1449.028000 
1449.042000 
1449.056000 
1449.070000 
1449.084000 
1449.098000 
1449.112000 
1449.126000 
1449.140000 
1449.154000 
1449.168000 
1449.182000 
1449.196000 
1449.210000 
1449.224000 
1449.238000 
1449.252000 
1449.266000 
1449.280000 
1449.294000 
1449.308000 
1449.322000 
1449.336000 
1449.350000 
1449.364000 
1449.378000 
1449.392000 
1449.406000 
1449.420000 
1449.434000 
1449.448000 
1449.462000 
1449.476000 
1449.490000 
1449.504000 
1449.518000 
1449.532000 
1449.546000 
1449.560000 
1449.574000 
1449.588000 
1449.602000 
1449.616000 
1449.630000 
1449.644000 
1449.658000 
1449.672000 
1449.686000 
1449.700000 
1449.714000 
1449.728000 
1449.742000 
1449.756000 
1449.770000 
1449.784000 
1449.798000 
1449.812000 
1449.826000 
1449.840000 
1449.854000 
1449.868000 
1449.882000 
1449.896000 
1449.910000 
1449.924000 
1449.938000 
1449.952000 
1449.966000 
1449.980000 
1449.994000 
1450.008000 
1450.022000 
1450.036000 
1450.050000 
1450.064000 
1450.078000 
1450.092000 
1450.106000 
1450.120000 
1450.134000 
1450.148000 
1450.162000 
1450.176000 
1450.190000 
1450.204000 
1450.218000 
1450.232000 
1450.246000 
1450.260000 
1450.274000 
1450.288000 
1450.302000 
1450.316000 
1450.330000 
1450.344000 
1450.358000 
1450.372000 
1450.386000 
1450.400000 
1450.414000 
1450.428000 
1450.442000 
1450.456000 
1450.470000 
1450.484000 
1450.498000 
1450.512000 
1450.526000 
1450.540000 
1450.554000 
1450.568000 
1450.582000 
1450.596000 
1450.610000 
1450.624000 
1450.638000 
1450.652000 
1450.666000 
1450.680000 
1450.694000 
1450.708000 
1450.722000 
1450.736000 
1450.750000 
1450.764000 
1450.778000 
1450.792000 
1450.806000 
1450.820000 
1450.834000 
1450.848000 
1450.862000 
1450.876000 
1450.890000 
1450.904000 
1450.918000 
1450.932000 
1450.946000 
1450.960000 
1450.974000 
1450.988000 
1451.002000 
1451.016000 
1451.030000 
1451.044000 
1451.058000 
1451.072000 
1451.086000 
1451.100000 
1451.114000 
1451.128000 
1451.142000 
1451.156000 
1451.170000 
1451.184000 
1451.198000 
1451.212000 
1451.226000 
1451.240000 
1451.254000 
1451.268000 
1451.282000 
1451.296000 
1451.310000 
1451.324000 
1451.338000 
1451.352000 
1451.366000 
1451.380000 
1451.394000 
1451.408000 
1451.422000 
1451.436000 
1451.450000 
1451.464000 
1451.478000 
1451.492000 
1451.506000 
1451.520000 
1451.534000 
1451.548000 
1451.562000 
1451.576000 
1451.590000 
1451.604000 
1451.618000 
1451.632000 
1451.646000 
1451.660000 
1451.674000 
1451.688000 
1451.702000 
1451.716000 
1451.730000 
1451.744000 
1451.758000 
1451.772000 
1451.786000 
1451.800000 
1451.814000 
1451.828000 
1451.842000 
1451.856000 
1451.870000 
1451.884000 
1451.898000 
1451.912000 
1451.926000 
1451.940000 
1451.954000 
1451.968000 
1451.982000 
1451.996000 
1452.010000 
1452.024000 
1452.038000 
1452.052000 
1452.066000 
1452.080000 
1452.094000 
1452.108000 
1452.122000 
1452.136000 
1452.150000 
1452.164000 
1452.178000 
1452.192000 
1452.206000 
1452.220000 
1452.234000 
1452.248000 
1452.262000 
1452.276000 
1452.290000 
1452.304000 
1452.318000 
1452.332000 
1452.346000 
1452.360000 
1452.374000 
1452.388000 
1452.402000 
1452.416000 
1452.430000 
1452.444000 
1452.458000 
1452.472000 
1452.486000 
1452.500000 
1452.514000 
1452.528000 
1452.542000 
1452.556000 
1452.570000 
1452.584000 
1452.598000 
1452.612000 
1452.626000 
1452.640000 
1452.654000 
1452.668000 
1452.682000 
1452.696000 
1452.710000 
1452.724000 
1452.738000 
1452.752000 
1452.766000 
1452.780000 
1452.794000 
1452.808000 
1452.822000 
1452.836000 
1452.850000 
1452.864000 
1452.878000 
1452.892000 
1452.906000 
1452.920000 
1452.934000 
1452.948000 
1452.962000 
1452.976000 
1452.990000 
1453.004000 
1453.018000 
1453.032000 
1453.046000 
1453.060000 
1453.074000 
1453.088000 
1453.102000 
1453.116000 
1453.130000 
1453.144000 
1453.158000 
1453.172000 
1453.186000 
1453.200000 
1453.214000 
1453.228000 
1453.242000 
1453.256000 
1453.270000 
1453.284000 
1453.298000 
1453.312000 
1453.326000 
1453.340000 
1453.354000 
1453.368000 
1453.382000 
1453.396000 
1453.410000 
1453.424000 
1453.438000 
1453.452000 
1453.466000 
1453.480000 
1453.494000 
1453.508000 
1453.522000 
1453.536000 
1453.550000 
1453.564000 
1453.578000 
1453.592000 
1453.606000 
1453.620000 
1453.634000 
1453.648000 
1453.662000 
1453.676000 
1453.690000 
1453.704000 
1453.718000 
1453.732000 
1453.746000 
1453.760000 
1453.774000 
1453.788000 
1453.802000 
1453.816000 
1453.830000 
1453.844000 
1453.858000 
1453.872000 
1453.886000 
1453.900000 
1453.914000 
1453.928000 
1453.942000 
1453.956000 
1453.970000 
1453.984000 
1453.998000 
1454.012000 
1454.026000 
1454.040000 
1454.054000 
1454.068000 
1454.082000 
1454.096000 
1454.110000 
1454.124000 
1454.138000 
1454.152000 
1454.166000 
1454.180000 
1454.194000 
1454.208000 
1454.222000 
1454.236000 
1454.250000 
1454.264000 
1454.278000 
1454.292000 
1454.306000 
1454.320000 
1454.334000 
1454.348000 
1454.362000 
1454.376000 
1454.390000 
1454.404000 
1454.418000 
1454.432000 
1454.446000 
1454.460000 
1454.474000 
1454.488000 
1454.502000 
1454.516000 
1454.530000 
1454.544000 
1454.558000 
1454.572000 
1454.586000 
1454.600000 
1454.614000 
1454.628000 
1454.642000 
1454.656000 
1454.670000 
1454.684000 
1454.698000 
1454.712000 
1454.726000 
1454.740000 
1454.754000 
1454.768000 
1454.782000 
1454.796000 
1454.810000 
1454.824000 
1454.838000 
1454.852000 
1454.866000 
1454.880000 
1454.894000 
1454.908000 
1454.922000 
1454.936000 
1454.950000 
1454.964000 
1454.978000 
1454.992000 
1455.006000 
1455.020000 
1455.034000 
1455.048000 
1455.062000 
1455.076000 
1455.090000 
1455.104000 
1455.118000 
1455.132000 
1455.146000 
1455.160000 
1455.174000 
1455.188000 
1455.202000 
1455.216000 
1455.230000 
1455.244000 
1455.258000 
1455.272000 
1455.286000 
1455.300000 
1455.314000 
1455.328000 
1455.342000 
1455.356000 
1455.370000 
1455.384000 
1455.398000 
1455.412000 
1455.426000 
1455.440000 
1455.454000 
1455.468000 
1455.482000 
1455.496000 
1455.510000 
1455.524000 
1455.538000 
1455.552000 
1455.566000 
1455.580000 
1455.594000 
1455.608000 
1455.622000 
1455.636000 
1455.650000 
1455.664000 
1455.678000 
1455.692000 
1455.706000 
1455.720000 
1455.734000 
1455.748000 
1455.762000 
1455.776000 
1455.790000 
1455.804000 
1455.818000 
1455.832000 
1455.846000 
1455.860000 
1455.874000 
1455.888000 
1455.902000 
1455.916000 
1455.930000 
1455.944000 
1455.958000 
1455.972000 
1455.986000 
